0
0
0
0
0
0
0
0
0
0
0
0
0
0
0
0
0
0
0
0
1
1
1
1
1
1
1
1
1
1
1
1
1
1
1
1
1
1
1
1
2
2
2
2
2
2
2
2
2
2
2
2
2
2
2
2
2
2
2
2
7
7
7
7
40
40
40
40
40
40
40
40
40
40
40
40
40
40
40
40
40
46
46
46
46
46
46
46
46
46
46
46
46
46
46
46
46
46
46
46
4
4
4
4
4
4
4
4
4
4
4
4
4
4
4
4
4
4
4
4
4
4
4
4
4
4
4
4
4
4
4
4
4
4
4
34
34
34
34
34
34
34
34
34
34
34
34
34
34
34
34
34
34
34
34
32
32
32
32
32
32
33
33
33
33
33
33
7
13
13
13
13
13
13
5
13
37
37
48
48
48
49
49
40
40
40
40
40
40
40
40
40
40
53
53
61
61
44
62
62
62
62
62
62
14
14
16
8
8
15
15
17
19
19
20
18
18
7
7
7
7
21
21
10
10
22
23
6
6
6
6
24
5
12
12
25
25
11
26
11
27
27
28
28
28
28
28
28
28
28
28
28
28
28
28
28
28
28
28
28
62
62
62
13
28
28
28
28
28
28
28
28
28
7
7
7
7
10
10
62
62
48
6
6
6
6
6
3
3
3
3
3
3
3
3
3
3
3
3
3
3
40
40
40
40
13
13
13
13
13
62
28
28
28
28
28
28
62
62
62
62
61
61
9
9
9
9
9
9
9
9
9
9
60
60
60
7
7
7
7
7
7
7
13
13
13
13
13
37
37
37
37
37
37
42
42
42
42
42
42
9
10
8
6
13
5
32
37
43
40
7
7
40
41
43
44
7
56
40
56
7
40
40
7
7
40
40
7
40
47
7
40
6
40
7
40
7
40
7
40
5
7
40
62
7
40
40
40
7
40
40
40
40
40
40
40
40
40
40
40
7
40
40
40
40
7
7
7
58
58
58
58
58
58
35
35
62
62
62
62
62
62
57
57
57
57
57
57
44
44
44
44
44
44
44
44
44
44
44
44
44
44
44
44
44
44
44
44
44
44
36
36
36
36
36
36
41
41
41
41
41
41
59
59
59
59
59
59
39
39
39
39
39
39
58
7
7
8
8
8
8
8
8
8
8
8
56
56
56
56
56
56
56
56
56
56
56
56
56
56
56
56
56
56
56
56
56
56
56
56
56
56
56
56
56
41
41
41
41
41
41
41
41
62
62
62
34
34
34
62
28
28
11
9
5
6
7
5
40
28
44
44
44
44
44
44
44
44
44
44
44
44
44
44
44
44
44
44
44
44
44
44
44
44
44
44
44
44
44
44
50
50
50
54
54
54
55
55
55
42
42
42
37
37
37
62
62
62
44
6
6
6
6
7
6
7
7
7
7
7
7
6
7
7
7
7
63
63
6
63
63
63
63
63
63
63
6
63
63
63
63
63
6
63
63
63
63
63
63
6
63
63
63
63
63
63
63
6
6
7
43
43
7
7
7
43
43
52
7
11
6
6
6
6
6
11
11
5
11
28
40
13
6
5
30
7
35
35
35
26
63
63
63
63
63
63
63
63
63
63
63
63
63
63
63
63
63
63
63
63
63
63
63
63
63
63
63
63
63
63
63
63
63
63
63
63
63
63
63
63
63
63
63
63
63
63
63
63
63
63
63
63
63
63
63
63
63
63
63
63
63
63
63
63
63
63
63
63
63
63
63
63
63
63
63
63
63
63
63
63
63
63
63
63
63
63
63
63
63
63
63
63
63
63
63
63
8
8
8
58
43
43
43
43
43
63
63
63
63
63
63
63
63
63
63
63
63
63
63
63
63
63
63
63
63
63
63
63
63
63
63
63
45
45
45
45
7
12
12
12
51
51
7
63
63
63
45
63
63
63
63
28
30
11
7
7
7
7
7
7
7
7
7
7
7
7
7
7
7
7
7
7
7
7
6
6
6
6
6
6
6
6
6
6
6
6
6
29
29
29
29
29
29
29
29
29
29
29
29
62
62
62
62
62
62
62
62
62
62
0
0
0
0
0
0
0
0
0
0
0
0
0
0
0
38
38
38
38
38
38
38
38
38
38
38
38
38
38
5
6
43
31
31
27
29
11
2
2
2
2
2
2
2
2
2
2
2
2
2
2
2
2
2
2
2
2
2
2
2
2
2
2
2
2
